32
0 4 35 1 4 6 6
8 4 120 3 2 2 4 1 8 6 7 6 4 9 10
7 3 118 9 7 4 9 6 4 3 7 4 5
5 3 50 1 5 6 7 7 6 2 4
3 5 195 3 4 5 5 1 2 3 1
5 7 148 9 2 6 6 4 9 8 2 5 3 6 9
7 9 87 7 5 1 8 2 5 9 9 6 3 9 9 10 5 5 4
8 8 148 4 6 4 7 3 7 9 8 9 9 10 6 5 9 8 1
9 9 140 9 3 5 8 10 7 6 1 6 2 9 2 10 10 8 1 5 8
2 6 150 7 3 5 5 4 1 7 8
1 1 15 3 5
4 4 43 2 4 2 2 6 3 7 7
8 5 80 9 6 4 6 4 10 9 2 5 9 4 2 10
1 7 152 5 9 7 10 3 10 2 6
10 9 28 8 1 10 9 6 6 10 6 6 5 1 9 5 7 4 5 3 7 1
4 4 23 7 5 9 10 10 4 9 5
8 7 137 7 7 10 4 1 7 9 1 2 5 1 5 3 2 6
7 2 19 1 5 4 8 5 5 10 1 10
2 8 53 6 5 3 10 3 10 4 4 6 10
2 4 71 2 7 1 5 6 8
2 1 35 6 6 3
9 1 81 3 8 2 5 6 1 4 4 1 5
8 7 4 9 6 3 2 10 10 1 10 10 5 10 10 9 5 8
9 10 183 2 8 9 4 10 8 9 10 4 8 7 1 2 7 10 9 1 5 1
6 3 145 3 1 2 3 9 1 4 2 4
3 2 106 3 8 8 3 7
9 4 195 9 1 4 2 10 6 10 7 5 4 9 1 4
6 2 67 9 5 6 7 1 1 4 2
8 10 133 1 7 1 10 9 3 4 7 2 9 4 9 1 3 3 10 9 7
4 1 104 6 10 7 4 10
4 5 94 8 3 1 6 10 7 10 6 2
4 6 93 5 4 1 9 5 10 3 4 5 10
8 5 193 6 1 1 6 9 6 3 6 4 6 7 9 2

